-60.0,0.713167793142,-60.0,0.99630404346,true,1TOL,180,155
-60.0,0.94832004768,-60.0,0.960541524968,true,1TOL,155,180
180.0,0.554756204158,180.0,0.588409492336,true,1F5W,120,41
180.0,0.836764206366,180.0,0.573256574316,true,1F5W,41,120
-60.0,0.995274179722,-60.0,0.921653388941,true,2ALP,58,42
-60.0,0.960413273093,180.0,0.580806762682,true,2ALP,42,58
-60.0,0.895332391185,-60.0,0.916725715114,false,2ALP,137,42
-60.0,0.973192099119,180.0,0.564340471071,false,2ALP,42,137
-60.0,0.898423415899,-60.0,0.971642588036,false,2ALP,159,42
-60.0,0.973486315176,180.0,0.612649622336,false,2ALP,42,159
-60.0,0.891427628666,-60.0,0.919422095229,false,2ALP,137,58
-60.0,0.999805424912,-60.0,0.953986279731,false,2ALP,58,137
-60.0,0.898238631405,-60.0,0.969896120753,false,2ALP,159,58
-60.0,0.999232514001,-60.0,0.944488159762,false,2ALP,58,159
-60.0,0.901667001046,-60.0,0.970936036942,true,2ALP,159,137
-60.0,0.897156045848,-60.0,0.916282107879,true,2ALP,137,159
180.0,0.647092639237,60.0,0.657488358126,true,2Z3Q,85,35
-60.0,0.741835975685,-60.0,0.914467552024,true,2Z3Q,35,85
180.0,0.615056589114,-60.0,0.957308445609,true,1TPX,217,182
180.0,0.525430703891,-60.0,0.924194234979,true,1TPX,182,217
-60.0,0.956403526037,-60.0,0.999985974766,true,1QQY,80,65
60.0,0.996897490481,60.0,0.999999543344,true,1QQY,65,80
-60.0,0.875368417574,180.0,0.657573354053,false,1QQY,76,65
60.0,0.995346612879,60.0,0.999869617921,false,1QQY,65,76
180.0,0.715819701676,60.0,0.65704135277,false,1QQY,94,65
60.0,0.954191433131,60.0,0.999479487544,false,1QQY,65,94
60.0,0.972545486997,60.0,0.96869965434,false,1QQY,65,30
180.0,0.555914578182,-60.0,0.834892249122,false,1QQY,30,65
-60.0,0.9736496835,-60.0,0.906615032109,false,1QQY,115,65
60.0,0.973478341809,60.0,0.999970276948,false,1QQY,65,115
-60.0,0.910368059947,-60.0,0.999999880804,false,1QQY,80,76
-60.0,0.830140157227,180.0,0.588977018591,false,1QQY,76,80
180.0,0.705247807435,60.0,0.687820179081,false,1QQY,94,80
-60.0,0.967636847417,-60.0,0.999998058124,false,1QQY,80,94
-60.0,0.930107302703,-60.0,0.999988505239,false,1QQY,80,30
180.0,0.52935285094,-60.0,0.903105720842,false,1QQY,30,80
-60.0,0.94848822607,-60.0,0.87591391555,false,1QQY,115,80
-60.0,0.96364828456,-60.0,0.997448975277,false,1QQY,80,115
180.0,0.605095645337,60.0,0.733014781202,true,1QQY,94,76
-60.0,0.820523895588,180.0,0.839570149272,true,1QQY,76,94
-60.0,0.834916574174,180.0,0.604499458088,false,1QQY,76,30
180.0,0.550230562494,-60.0,0.811096032943,false,1QQY,30,76
-60.0,0.948810502159,-60.0,0.917346435011,false,1QQY,115,76
-60.0,0.851875540344,180.0,0.645109042239,false,1QQY,76,115
180.0,0.626645092197,60.0,0.665506855413,false,1QQY,94,30
180.0,0.510370288785,-60.0,0.850749199773,false,1QQY,30,94
-60.0,0.946337894874,-60.0,0.881998500719,false,1QQY,115,94
180.0,0.66917080764,60.0,0.724342236375,false,1QQY,94,115
-60.0,0.962047581259,-60.0,0.851363667793,true,1QQY,115,30
180.0,0.569399774778,-60.0,0.869657586439,true,1QQY,30,115
180.0,0.629043164488,60.0,0.987635802054,true,1L6X,321,261
180.0,0.564399851064,60.0,0.999412441654,true,1L6X,261,321
180.0,0.790770598086,180.0,0.982202772241,false,1L6X,367,261
180.0,0.619870566732,60.0,0.994286095742,false,1L6X,261,367
180.0,0.513538539638,180.0,0.906460384216,false,1L6X,425,261
180.0,0.646411581829,60.0,0.996184522405,false,1L6X,261,425
180.0,0.786513086457,180.0,0.96619956161,false,1L6X,367,321
180.0,0.729779527987,60.0,0.987048938836,false,1L6X,321,367
180.0,0.571274512291,180.0,0.960536956264,false,1L6X,425,321
180.0,0.61411716192,60.0,0.987548688541,false,1L6X,321,425
180.0,0.601329888836,180.0,0.974258265673,true,1L6X,425,367
180.0,0.802545088186,180.0,0.977803816348,true,1L6X,367,425
-60.0,0.958960925623,-60.0,0.945207710236,true,1BR9,101,3
-60.0,0.811503892158,-60.0,0.947834338018,true,1BR9,3,101
-60.0,0.942541349064,-60.0,0.999995323653,true,1IEE,80,64
60.0,0.962653215265,60.0,0.999992728446,true,1IEE,64,80
-60.0,0.828787257638,180.0,0.720831712128,false,1IEE,76,64
60.0,0.921571222485,60.0,0.999974957848,false,1IEE,64,76
180.0,0.619292569381,60.0,0.697457028074,false,1IEE,94,64
60.0,0.974551155745,60.0,0.999987776928,false,1IEE,64,94
60.0,0.959604934282,60.0,0.999969147632,false,1IEE,64,30
180.0,0.520478792359,-60.0,0.996072741533,false,1IEE,30,64
-60.0,0.969554462641,-60.0,0.648480418354,false,1IEE,115,64
60.0,0.945100173429,60.0,0.999980111291,false,1IEE,64,115
-60.0,0.943470622365,-60.0,0.996823485196,false,1IEE,80,76
-60.0,0.728096606557,180.0,0.515905487804,false,1IEE,76,80
180.0,0.730128352154,60.0,0.689631722721,false,1IEE,94,80
-60.0,0.922318388625,-60.0,0.999998112095,false,1IEE,80,94
-60.0,0.962002488632,-60.0,0.999990377068,false,1IEE,80,30
180.0,0.581439707548,-60.0,0.989695875711,false,1IEE,30,80
-60.0,0.967591975256,-60.0,0.696510738527,false,1IEE,115,80
-60.0,0.911155737522,-60.0,0.996790817026,false,1IEE,80,115
180.0,0.708250578935,60.0,0.716410311296,true,1IEE,94,76
-60.0,0.814084782161,180.0,0.517690845102,true,1IEE,76,94
-60.0,0.803713635353,180.0,0.545430172816,false,1IEE,76,30
180.0,0.551119632787,-60.0,0.996030611569,false,1IEE,30,76
-60.0,0.947235982371,-60.0,0.648510328513,false,1IEE,115,76
-60.0,0.771153172589,180.0,0.506611870764,false,1IEE,76,115
180.0,0.64481450783,60.0,0.828565507116,false,1IEE,94,30
180.0,0.5416058099,-60.0,0.994486948324,false,1IEE,30,94
-60.0,0.945149053611,-60.0,0.675551171443,false,1IEE,115,94
180.0,0.532170042023,60.0,0.648098715494,false,1IEE,94,115
-60.0,0.992269158297,-60.0,0.685108254906,true,1IEE,115,30
180.0,0.55558384849,-60.0,0.995519087011,true,1IEE,30,115
-60.0,0.717895320318,-60.0,0.991005407608,true,2J4T,79,25
-60.0,0.808096993121,-60.0,0.633674318202,true,2J4T,25,79
-60.0,0.978061068248,-60.0,0.992540596978,false,2J4T,56,25
-60.0,0.795527055384,-60.0,0.646364675352,false,2J4T,25,56
-60.0,0.931142815842,-60.0,0.931401989167,false,2J4T,105,25
-60.0,0.763055697699,-60.0,0.648554219507,false,2J4T,25,105
-60.0,0.710927727947,-60.0,0.993282615654,false,2J4T,79,56
-60.0,0.945375743498,-60.0,0.995307401887,false,2J4T,56,79
-60.0,0.908789800114,-60.0,0.919030766601,false,2J4T,105,79
-60.0,0.720901102035,-60.0,0.992701316136,false,2J4T,79,105
-60.0,0.950637806748,-60.0,0.917653464072,true,2J4T,105,56
-60.0,0.949807737914,-60.0,0.996309622695,true,2J4T,56,105
-60.0,0.682474793323,-60.0,0.716084889921,true,2FX5,96,34
-60.0,0.905154513216,-60.0,0.819405838094,true,2FX5,34,96
60.0,0.880585844502,60.0,0.9999999,true,5PTI,38,14
-60.0,0.759399999153,60.0,0.747038359245,true,5PTI,14,38
-60.0,0.955439218341,-60.0,0.800444246915,false,5PTI,30,14
-60.0,0.747095976938,60.0,0.65264604753,false,5PTI,14,30
180.0,0.630973860322,-60.0,0.91274425037,false,5PTI,51,14
-60.0,0.775839501619,60.0,0.842851807879,false,5PTI,14,51
-60.0,0.762974604669,60.0,0.671014002842,false,5PTI,14,5
180.0,0.788182830341,60.0,0.711553273698,false,5PTI,5,14
-60.0,0.968314550746,-60.0,0.821763094395,false,5PTI,55,14
-60.0,0.765960106986,60.0,0.660568228935,false,5PTI,14,55
60.0,0.94866275146,60.0,0.999981191108,false,5PTI,38,30
-60.0,0.941937214838,-60.0,0.816332805047,false,5PTI,30,38
180.0,0.523792458004,-60.0,0.862341303746,false,5PTI,51,38
60.0,0.680141755154,60.0,0.99999811605,false,5PTI,38,51
60.0,0.650776196953,60.0,0.9999999,false,5PTI,38,5
180.0,0.8161376732,60.0,0.648837636816,false,5PTI,5,38
-60.0,0.967709881231,-60.0,0.78149228827,false,5PTI,55,38
60.0,0.693151040767,60.0,0.999991721466,false,5PTI,38,55
180.0,0.528596738994,-60.0,0.928575360427,true,5PTI,51,30
-60.0,0.946393867413,-60.0,0.799072810047,true,5PTI,30,51
-60.0,0.953159304979,-60.0,0.79261760022,false,5PTI,30,5
180.0,0.758683995026,60.0,0.677170614975,false,5PTI,5,30
-60.0,0.950434220534,-60.0,0.78918011909,false,5PTI,55,30
-60.0,0.919809879655,-60.0,0.754069758789,false,5PTI,30,55
180.0,0.571798679994,-60.0,0.915890385973,false,5PTI,51,5
180.0,0.763437110894,60.0,0.756637528938,false,5PTI,5,51
-60.0,0.961192331924,-60.0,0.822805069783,false,5PTI,55,51
180.0,0.536519251274,-60.0,0.916120441429,false,5PTI,51,55
-60.0,0.954717416238,-60.0,0.816835085972,true,5PTI,55,5
180.0,0.731632959192,60.0,0.648353300529,true,5PTI,5,55
180.0,0.525256209703,-60.0,0.735430961866,true,1OK3,113,66
-60.0,0.946065998051,60.0,0.600863696665,true,1OK3,66,113
180.0,0.597034391906,60.0,0.62350160534,true,1XAK,43,8
-60.0,0.881903762283,-60.0,0.910393008741,true,1XAK,8,43
-60.0,0.688553856957,180.0,0.554818681288,true,2QYP,47,36
-60.0,0.839958761192,-60.0,0.902547179679,true,2QYP,36,47
-60.0,0.836366223426,-60.0,0.862816557161,false,2QYP,36,8
180.0,0.827506020381,-60.0,0.99347826474,false,2QYP,8,36
-60.0,0.672382462133,-60.0,0.955812817586,false,2QYP,72,36
-60.0,0.872882650897,-60.0,0.864838811851,false,2QYP,36,72
-60.0,0.733119556147,180.0,0.53110920914,false,2QYP,47,8
180.0,0.658363668086,-60.0,0.994890951933,false,2QYP,8,47
-60.0,0.679331128306,-60.0,0.973388784404,false,2QYP,72,47
-60.0,0.742708622065,180.0,0.5,false,2QYP,47,72
-60.0,0.668609138782,-60.0,0.955166249261,true,2QYP,72,8
180.0,0.761861585559,-60.0,0.999997438273,true,2QYP,8,72
-60.0,0.871983577395,-60.0,0.957146792746,true,1KCQ,201,188
-60.0,0.989568961008,-60.0,0.510393627815,true,1KCQ,188,201
180.0,0.552720695851,60.0,0.612117599808,true,1M9Z,44,38
180.0,0.572543885698,60.0,0.59577265395,true,1M9Z,38,44
180.0,0.512614881349,60.0,0.576302467426,false,1M9Z,38,31
-60.0,0.723295679829,60.0,0.566352760584,false,1M9Z,31,38
-60.0,0.808991980013,-60.0,0.993767231575,false,1M9Z,48,38
180.0,0.552374871714,60.0,0.605524959068,false,1M9Z,38,48
180.0,0.532252107551,60.0,0.592767595358,false,1M9Z,38,28
-60.0,0.697021196932,-60.0,0.718174443271,false,1M9Z,28,38
-60.0,0.604689630607,-60.0,0.991439066129,false,1M9Z,61,38
180.0,0.522574218145,60.0,0.618503808503,false,1M9Z,38,61
-60.0,0.803592168265,-60.0,0.99999956154,false,1M9Z,54,38
180.0,0.541772950906,60.0,0.573964112291,false,1M9Z,38,54
-60.0,0.721964068561,-60.0,0.510689654238,false,1M9Z,78,38
180.0,0.556907390248,60.0,0.637699985555,false,1M9Z,38,78
60.0,0.900383361146,-60.0,0.736736046807,false,1M9Z,115,38
180.0,0.508456983119,60.0,0.608017864671,false,1M9Z,38,115
-60.0,0.905325508063,-60.0,0.67414649852,false,1M9Z,120,38
180.0,0.538703971731,60.0,0.645192667091,false,1M9Z,38,120
180.0,0.556094664031,60.0,0.618199315802,false,1M9Z,44,31
-60.0,0.765254439948,60.0,0.573166714929,false,1M9Z,31,44
-60.0,0.809747984156,-60.0,0.99705474718,false,1M9Z,48,44
180.0,0.58030948615,60.0,0.603240978965,false,1M9Z,44,48
180.0,0.549363881908,60.0,0.615524886787,false,1M9Z,44,28
-60.0,0.729260897062,-60.0,0.772707216285,false,1M9Z,28,44
-60.0,0.588982440679,-60.0,0.997197659334,false,1M9Z,61,44
180.0,0.579433284215,60.0,0.605977517312,false,1M9Z,44,61
-60.0,0.805964425777,-60.0,0.999997431347,false,1M9Z,54,44
180.0,0.624793872162,60.0,0.643961291355,false,1M9Z,44,54
-60.0,0.748539793341,-60.0,0.522779516962,false,1M9Z,78,44
180.0,0.575919561336,60.0,0.611541566592,false,1M9Z,44,78
60.0,0.973799744716,-60.0,0.649000154497,false,1M9Z,115,44
180.0,0.592109793531,60.0,0.591693468365,false,1M9Z,44,115
-60.0,0.846599710711,-60.0,0.626095387875,false,1M9Z,120,44
180.0,0.571890205122,60.0,0.582779616206,false,1M9Z,44,120
-60.0,0.864613874659,-60.0,0.999984115019,true,1M9Z,48,31
-60.0,0.762728612394,60.0,0.580708386401,true,1M9Z,31,48
-60.0,0.756013581305,60.0,0.577011928613,false,1M9Z,31,28
-60.0,0.718141360636,-60.0,0.704256099241,false,1M9Z,28,31
-60.0,0.599576394958,-60.0,0.999981961663,false,1M9Z,61,31
-60.0,0.758554663398,60.0,0.572881303553,false,1M9Z,31,61
-60.0,0.833855090639,-60.0,0.999999078637,false,1M9Z,54,31
-60.0,0.714961025326,60.0,0.564010063869,false,1M9Z,31,54
-60.0,0.758592258142,-60.0,0.518769619623,false,1M9Z,78,31
-60.0,0.735504346946,60.0,0.583734552649,false,1M9Z,31,78
60.0,0.97752776253,-60.0,0.729309312302,false,1M9Z,115,31
-60.0,0.747924020435,60.0,0.574716087945,false,1M9Z,31,115
-60.0,0.905103606408,-60.0,0.641482032442,false,1M9Z,120,31
-60.0,0.71349021317,60.0,0.5796621609,false,1M9Z,31,120
-60.0,0.838036409029,-60.0,0.996070161084,false,1M9Z,48,28
-60.0,0.724695234719,-60.0,0.726662954765,false,1M9Z,28,48
-60.0,0.640284134904,-60.0,0.99998987283,false,1M9Z,61,48
-60.0,0.750470330519,-60.0,0.997051425031,false,1M9Z,48,61
-60.0,0.802955595461,-60.0,0.999999552765,false,1M9Z,54,48
-60.0,0.836754550173,-60.0,0.978893756289,false,1M9Z,48,54
-60.0,0.743346008666,-60.0,0.510905919244,false,1M9Z,78,48
-60.0,0.780248010617,-60.0,0.996000841421,false,1M9Z,48,78
60.0,0.964756885715,-60.0,0.717095385612,false,1M9Z,115,48
-60.0,0.86200356189,-60.0,0.981859750122,false,1M9Z,48,115
-60.0,0.861698886587,-60.0,0.622896763728,false,1M9Z,120,48
-60.0,0.821619785627,-60.0,0.999998986928,false,1M9Z,48,120
-60.0,0.599352302782,-60.0,0.999994717893,true,1M9Z,61,28
-60.0,0.7240421336,-60.0,0.730438220641,true,1M9Z,28,61
-60.0,0.850118108768,-60.0,0.999999975575,false,1M9Z,54,28
-60.0,0.716719716784,-60.0,0.738064622235,false,1M9Z,28,54
-60.0,0.747383317178,-60.0,0.533221013638,false,1M9Z,78,28
-60.0,0.724413864254,-60.0,0.734816035287,false,1M9Z,28,78
60.0,0.907387608565,-60.0,0.708203302554,false,1M9Z,115,28
-60.0,0.723368413316,-60.0,0.726870442298,false,1M9Z,28,115
-60.0,0.900181461581,-60.0,0.657543074031,false,1M9Z,120,28
-60.0,0.705116716758,-60.0,0.746961357464,false,1M9Z,28,120
-60.0,0.613723233998,-60.0,0.997015647902,false,1M9Z,61,54
-60.0,0.834589132769,-60.0,0.999999955924,false,1M9Z,54,61
-60.0,0.754336729269,-60.0,0.541725803462,false,1M9Z,78,61
-60.0,0.626661533412,-60.0,0.997282088448,false,1M9Z,61,78
60.0,0.882607752733,-60.0,0.675880511576,false,1M9Z,115,61
-60.0,0.623455056866,-60.0,0.999994570284,false,1M9Z,61,115
-60.0,0.890441440251,-60.0,0.677557509167,false,1M9Z,120,61
-60.0,0.601194732329,-60.0,0.997169483839,false,1M9Z,61,120
-60.0,0.738344516448,-60.0,0.5,true,1M9Z,78,54
-60.0,0.817487146007,-60.0,0.999999897488,true,1M9Z,54,78
60.0,0.918166630592,-60.0,0.717769978081,false,1M9Z,115,54
-60.0,0.790025321365,-60.0,0.999997025836,false,1M9Z,54,115
-60.0,0.916397900629,-60.0,0.638021217049,false,1M9Z,120,54
-60.0,0.794855809562,-60.0,0.999992358703,false,1M9Z,54,120
60.0,0.92056339927,-60.0,0.673386756375,false,1M9Z,115,78
-60.0,0.704672262735,-60.0,0.5,false,1M9Z,78,115
-60.0,0.904999532419,-60.0,0.666098832486,false,1M9Z,120,78
-60.0,0.717258030949,-60.0,0.548651887994,false,1M9Z,78,120
-60.0,0.901625013761,-60.0,0.647962667007,true,1M9Z,120,115
60.0,0.960094585748,-60.0,0.664052360991,true,1M9Z,115,120
180.0,0.783858713166,60.0,0.584120956644,true,2GMF,96,54
-60.0,0.992009446841,-60.0,0.799759823911,true,2GMF,54,96
-60.0,0.632576738585,-60.0,0.986491015304,true,1Z40,409,337
180.0,0.561642841988,60.0,0.647592105417,true,1Z40,337,409
180.0,0.595397664758,60.0,0.657186055764,false,1Z40,337,320
180.0,0.561300406728,180.0,0.529496735386,false,1Z40,320,337
60.0,0.937859340112,60.0,0.999971513221,false,1Z40,418,337
180.0,0.530147622007,60.0,0.648496928647,false,1Z40,337,418
-60.0,0.621005699284,-60.0,0.985375035815,false,1Z40,409,320
180.0,0.567229890723,180.0,0.560112647357,false,1Z40,320,409
60.0,0.916740212414,60.0,0.999969925579,false,1Z40,418,409
-60.0,0.632195721549,-60.0,0.961366114278,false,1Z40,409,418
60.0,0.966043220821,60.0,0.99999909967,true,1Z40,418,320
180.0,0.557249548239,180.0,0.511697775866,true,1Z40,320,418
-60.0,0.852912648387,-60.0,0.534510585241,true,1BYF,111,96
-60.0,0.902723282659,-60.0,0.771245273645,true,1BYF,96,111
180.0,0.508992054288,-60.0,0.993920547682,true,1DQE,54,19
180.0,0.514041885155,-60.0,0.913077509316,true,1DQE,19,54
-60.0,0.634902229778,-60.0,0.790021683952,false,1DQE,97,19
180.0,0.516472450311,-60.0,0.982305013203,false,1DQE,19,97
180.0,0.716976329045,-60.0,0.576059456735,false,1DQE,117,19
180.0,0.539314197826,-60.0,0.974774421154,false,1DQE,19,117
-60.0,0.647313900664,-60.0,0.791245438799,false,1DQE,97,54
180.0,0.524927693038,-60.0,0.996016307109,false,1DQE,54,97
180.0,0.666433330692,-60.0,0.526572719506,false,1DQE,117,54
180.0,0.506176865136,-60.0,0.995984882142,false,1DQE,54,117
180.0,0.528205022596,-60.0,0.554939705385,true,1DQE,117,97
-60.0,0.631379526189,-60.0,0.80958019179,true,1DQE,97,117
-60.0,0.761929916345,-60.0,0.759021191421,true,2FD9,26,16
180.0,0.521853470401,-60.0,0.682829733084,true,2FD9,16,26
180.0,0.533308801139,-60.0,0.7830851684,false,2FD9,16,4
-60.0,0.613380823506,-60.0,0.868466116675,false,2FD9,4,16
-60.0,0.626493701993,-60.0,0.519139348459,false,2FD9,32,16
180.0,0.616650714483,-60.0,0.775593300363,false,2FD9,16,32
180.0,0.51808431692,-60.0,0.776035130651,false,2FD9,16,3
180.0,0.743586948003,180.0,0.575573028121,false,2FD9,3,16
-60.0,0.700421323147,-60.0,0.873034085749,false,2FD9,40,16
180.0,0.530078039806,-60.0,0.724778150828,false,2FD9,16,40
-60.0,0.758143975661,-60.0,0.792473792197,false,2FD9,26,4
-60.0,0.593049147569,-60.0,0.901502285837,false,2FD9,4,26
-60.0,0.610927860845,-60.0,0.512005486324,false,2FD9,32,26
-60.0,0.770258564791,-60.0,0.789043024462,false,2FD9,26,32
-60.0,0.759511240983,-60.0,0.766573157055,false,2FD9,26,3
180.0,0.755226018169,180.0,0.58888685817,false,2FD9,3,26
-60.0,0.695173433043,-60.0,0.885153002816,false,2FD9,40,26
-60.0,0.780084117342,-60.0,0.748826919624,false,2FD9,26,40
-60.0,0.630062399542,-60.0,0.547388234283,true,2FD9,32,4
-60.0,0.581553238957,-60.0,0.904674930301,true,2FD9,4,32
-60.0,0.602565424894,-60.0,0.893335967847,false,2FD9,4,3
180.0,0.779661707616,180.0,0.574559890917,false,2FD9,3,4
-60.0,0.68475899772,-60.0,0.854306656116,false,2FD9,40,4
-60.0,0.582647923743,-60.0,0.890247523707,false,2FD9,4,40
-60.0,0.632938652658,-60.0,0.5,false,2FD9,32,3
180.0,0.728145578691,180.0,0.562990697336,false,2FD9,3,32
-60.0,0.714057980847,-60.0,0.864385755271,false,2FD9,40,32
-60.0,0.616145657373,-60.0,0.564293700266,false,2FD9,32,40
-60.0,0.704954579899,-60.0,0.856043530069,true,2FD9,40,3
180.0,0.748561663183,180.0,0.56180455795,true,2FD9,3,40
-60.0,0.694704419315,-60.0,0.776075276022,true,3BPO,57,29
-60.0,0.899637212911,-60.0,0.999997413615,true,3BPO,29,57
-60.0,0.896353120799,-60.0,0.884347614125,false,3BPO,45,29
-60.0,0.929150630639,-60.0,0.999994282757,false,3BPO,29,45
-60.0,0.642973664135,-60.0,0.791980412274,false,3BPO,71,29
-60.0,0.892210854863,-60.0,0.999994854562,false,3BPO,29,71
-60.0,0.709655339059,-60.0,0.749315051731,false,3BPO,57,45
-60.0,0.868684454632,-60.0,0.924190564645,false,3BPO,45,57
-60.0,0.63515969428,-60.0,0.71706621896,false,3BPO,71,57
-60.0,0.694233775706,-60.0,0.765342893053,false,3BPO,57,71
-60.0,0.61541255939,-60.0,0.805738924034,true,3BPO,71,45
-60.0,0.895233404772,-60.0,0.905359363936,true,3BPO,45,71
-60.0,0.933663596032,-60.0,0.94117239223,true,1ZLH,161,138
-60.0,0.979656043291,60.0,0.614082722426,true,1ZLH,138,161
-60.0,0.741071700375,-60.0,0.93530037124,true,2D1Z,342,323
-60.0,0.783466160208,60.0,0.621629959205,true,2D1Z,323,342
-60.0,0.709841339325,60.0,0.615859591209,false,2D1Z,365,323
-60.0,0.907372779783,60.0,0.684216740049,false,2D1Z,323,365
-60.0,0.740605425277,-60.0,0.929586829268,false,2D1Z,382,323
-60.0,0.900772645268,60.0,0.653464283093,false,2D1Z,323,382
-60.0,0.860803096007,60.0,0.666525115721,false,2D1Z,406,323
-60.0,0.87811728095,60.0,0.647799384443,false,2D1Z,323,406
-60.0,0.738057071402,-60.0,0.97756276602,false,2D1Z,425,323
-60.0,0.861951976556,60.0,0.777581885719,false,2D1Z,323,425
-60.0,0.722158348209,60.0,0.596909801761,false,2D1Z,365,342
-60.0,0.71576072478,-60.0,0.939487746707,false,2D1Z,342,365
-60.0,0.747073458005,-60.0,0.95041610827,false,2D1Z,382,342
-60.0,0.737293854296,-60.0,0.864012430637,false,2D1Z,342,382
-60.0,0.858973190772,60.0,0.628522449156,false,2D1Z,406,342
-60.0,0.718614148473,-60.0,0.93025873689,false,2D1Z,342,406
-60.0,0.798513381239,-60.0,0.986386452887,false,2D1Z,425,342
-60.0,0.74612526399,-60.0,0.935263487175,false,2D1Z,342,425
-60.0,0.752210146434,-60.0,0.926940345617,true,2D1Z,382,365
-60.0,0.722453390399,60.0,0.585840721173,true,2D1Z,365,382
-60.0,0.82574398723,60.0,0.709134875861,false,2D1Z,406,365
-60.0,0.711797809158,60.0,0.585855676925,false,2D1Z,365,406
-60.0,0.778781278736,-60.0,0.973832511283,false,2D1Z,425,365
-60.0,0.712490773789,60.0,0.605944367622,false,2D1Z,365,425
-60.0,0.863998038251,60.0,0.632536073665,false,2D1Z,406,382
-60.0,0.756805491462,-60.0,0.937971646717,false,2D1Z,382,406
-60.0,0.755008837068,-60.0,0.98425582633,false,2D1Z,425,382
-60.0,0.765319022105,-60.0,0.945937570289,false,2D1Z,382,425
-60.0,0.761046678752,-60.0,0.96813830219,true,2D1Z,425,406
-60.0,0.87122779753,60.0,0.691451500054,true,2D1Z,406,425
-60.0,0.802539741993,-60.0,0.99610006479,true,2E3W,84,26
-60.0,0.797999074308,-60.0,0.915881483352,true,2E3W,26,84
180.0,0.629351667165,-60.0,0.982357790668,true,1Y62,53,32
-60.0,0.856753425226,-60.0,0.746140137301,true,1Y62,32,53
-60.0,0.90049628817,-60.0,0.999988610269,true,1NCO,47,37
-60.0,0.894803234572,-60.0,0.847067573828,true,1NCO,37,47
-60.0,0.65718714837,-60.0,0.962349169336,false,1NCO,88,37
-60.0,0.893064834988,-60.0,0.838822281644,false,1NCO,37,88
-60.0,0.818753506576,-60.0,0.907015322788,false,1NCO,93,37
-60.0,0.895029295801,-60.0,0.871594512763,false,1NCO,37,93
-60.0,0.680266702183,-60.0,0.995077664314,false,1NCO,88,47
-60.0,0.879309194146,-60.0,0.995786435679,false,1NCO,47,88
-60.0,0.957440517192,-60.0,0.94862969013,false,1NCO,93,47
-60.0,0.911787350364,-60.0,0.996079434818,false,1NCO,47,93
-60.0,0.954810420288,-60.0,0.908164973321,true,1NCO,93,88
-60.0,0.689359278767,-60.0,0.989149680167,true,1NCO,88,93
60.0,0.988340627603,60.0,0.9999999,true,1FH9,199,167
-60.0,0.896303188616,-60.0,0.995912591069,true,1FH9,167,199
180.0,0.5,60.0,0.955462889876,false,1FH9,261,167
-60.0,0.840629233837,-60.0,0.999992210786,false,1FH9,167,261
180.0,0.577408925383,-60.0,0.668028308723,false,1FH9,267,167
-60.0,0.797917875356,-60.0,0.999998244116,false,1FH9,167,267
180.0,0.578359512455,60.0,0.762456032265,false,1FH9,261,199
60.0,0.981557148536,60.0,0.999999881119,false,1FH9,199,261
180.0,0.5532194529,-60.0,0.74492757348,false,1FH9,267,199
60.0,0.979807130635,60.0,0.9999999,false,1FH9,199,267
180.0,0.521593844376,-60.0,0.699410886645,true,1FH9,267,261
180.0,0.567787405298,60.0,0.754747564339,true,1FH9,261,267
-60.0,0.729513589615,-60.0,0.988321908507,true,1UUH,97,77
180.0,0.5,60.0,0.604370428103,true,1UUH,77,97
180.0,0.545778526715,60.0,0.610851839022,false,1UUH,77,53
-60.0,0.863039129517,-60.0,0.999999939386,false,1UUH,53,77
180.0,0.666519786272,180.0,0.572861870807,false,1UUH,118,77
180.0,0.505948987653,60.0,0.61870427003,false,1UUH,77,118
-60.0,0.745814195709,-60.0,0.990764270499,false,1UUH,97,53
-60.0,0.888391483504,-60.0,0.999999903058,false,1UUH,53,97
180.0,0.731165208907,180.0,0.542888796543,false,1UUH,118,97
-60.0,0.76242910676,-60.0,0.974298437563,false,1UUH,97,118
180.0,0.661875433072,180.0,0.571436834469,true,1UUH,118,53
-60.0,0.906810926469,-60.0,0.999999516464,true,1UUH,53,118
-60.0,0.831121772073,-60.0,0.938773198046,true,1KNL,35,16
-60.0,0.892383828657,60.0,0.639673386262,true,1KNL,16,35
-60.0,0.78770150495,60.0,0.647162743917,false,1KNL,58,16
-60.0,0.963190108083,60.0,0.606397132785,false,1KNL,16,58
-60.0,0.767502946413,-60.0,0.959254380211,false,1KNL,75,16
-60.0,0.933335874334,60.0,0.733413452566,false,1KNL,16,75
-60.0,0.870975465211,60.0,0.632211463968,false,1KNL,99,16
-60.0,0.944991949791,60.0,0.64027187552,false,1KNL,16,99
-60.0,0.641678238977,-60.0,0.985602522015,false,1KNL,118,16
-60.0,0.897191199296,60.0,0.647817459719,false,1KNL,16,118
-60.0,0.779613282529,60.0,0.634491503074,false,1KNL,58,35
-60.0,0.810339010138,-60.0,0.960960575839,false,1KNL,35,58
-60.0,0.768967213377,-60.0,0.95241097966,false,1KNL,75,35
-60.0,0.82034154724,-60.0,0.897675763901,false,1KNL,35,75
-60.0,0.846126918838,60.0,0.611394862405,false,1KNL,99,35
-60.0,0.78566098599,-60.0,0.946550393869,false,1KNL,35,99
-60.0,0.645171337906,-60.0,0.975880221369,false,1KNL,118,35
-60.0,0.847670148741,-60.0,0.941442612605,false,1KNL,35,118
-60.0,0.757201038819,-60.0,0.971433304042,true,1KNL,75,58
-60.0,0.78158086716,60.0,0.617442884164,true,1KNL,58,75
-60.0,0.869195906111,60.0,0.620770588251,false,1KNL,99,58
-60.0,0.825649107785,60.0,0.622653534076,false,1KNL,58,99
-60.0,0.659128403414,-60.0,0.951954215739,false,1KNL,118,58
-60.0,0.787639629185,60.0,0.617407186349,false,1KNL,58,118
-60.0,0.878045123576,60.0,0.634256327135,false,1KNL,99,75
-60.0,0.778016196975,-60.0,0.948817191214,false,1KNL,75,99
-60.0,0.657116817369,-60.0,0.980861738837,false,1KNL,118,75
-60.0,0.777943189651,-60.0,0.94235060127,false,1KNL,75,118
-60.0,0.639119500023,-60.0,0.979597357957,true,1KNL,118,99
-60.0,0.790508243686,60.0,0.635090609142,true,1KNL,99,118
-60.0,0.893705469566,-60.0,0.989039149581,true,1IWT,81,65
60.0,0.933672673877,60.0,0.999975718871,true,1IWT,65,81
-60.0,0.684230289418,180.0,0.573280864782,false,1IWT,77,65
60.0,0.949402696301,60.0,0.999985879822,false,1IWT,65,77
180.0,0.59959386274,60.0,0.702359254738,false,1IWT,95,65
60.0,0.967006512357,60.0,0.999951598148,false,1IWT,65,95
60.0,0.946338216085,60.0,0.999963693188,false,1IWT,65,30
180.0,0.510499073603,-60.0,0.941236376105,false,1IWT,30,65
-60.0,0.992606200538,-60.0,0.93075363196,false,1IWT,116,65
60.0,0.908473290997,60.0,0.999569671048,false,1IWT,65,116
-60.0,0.871006657943,-60.0,0.999992854084,false,1IWT,81,77
-60.0,0.697052987597,180.0,0.867494269131,false,1IWT,77,81
180.0,0.63605684981,60.0,0.861420014819,false,1IWT,95,81
-60.0,0.897881076831,-60.0,0.983381707702,false,1IWT,81,95
-60.0,0.877002028545,-60.0,0.999997857642,false,1IWT,81,30
180.0,0.542256160138,-60.0,0.969032920537,false,1IWT,30,81
-60.0,0.970061056423,-60.0,0.926897499648,false,1IWT,116,81
-60.0,0.868126444974,-60.0,0.996203788464,false,1IWT,81,116
180.0,0.57298711536,60.0,0.684318467101,true,1IWT,95,77
-60.0,0.699333780607,180.0,0.578044112315,true,1IWT,77,95
-60.0,0.709083107605,180.0,0.606545174003,false,1IWT,77,30
180.0,0.545762191317,-60.0,0.930551021753,false,1IWT,30,77
-60.0,0.987414748839,-60.0,0.89576833963,false,1IWT,116,77
-60.0,0.701909621707,180.0,0.684838973817,false,1IWT,77,116
180.0,0.6456385514,60.0,0.823974211303,false,1IWT,95,30
180.0,0.571771115883,-60.0,0.931062907699,false,1IWT,30,95
-60.0,0.992589645464,-60.0,0.892722569179,false,1IWT,116,95
180.0,0.683557076932,60.0,0.712447962527,false,1IWT,95,116
-60.0,0.983363299888,-60.0,0.92055789202,true,1IWT,116,30
180.0,0.561496292923,-60.0,0.950506597827,true,1IWT,30,116
-60.0,0.905532279344,-60.0,0.777873666903,true,1E87,186,173
-60.0,0.721218164198,-60.0,0.795641249281,true,1E87,173,186
-60.0,0.748626620702,-60.0,0.849273600099,false,1E87,173,113
-60.0,0.744489715942,-60.0,0.999999899348,false,1E87,113,173
-60.0,0.745916198088,-60.0,0.771669910569,false,1E87,194,173
-60.0,0.771782701945,-60.0,0.772099110425,false,1E87,173,194
-60.0,0.90184100489,-60.0,0.775656117132,false,1E87,186,113
-60.0,0.733177667397,-60.0,0.999999634104,false,1E87,113,186
-60.0,0.89924242848,-60.0,0.768535728344,false,1E87,194,186
-60.0,0.891221693678,-60.0,0.778738631106,false,1E87,186,194
-60.0,0.852987008487,-60.0,0.733357697343,true,1E87,194,113
-60.0,0.722872943171,-60.0,0.999997870904,true,1E87,113,194
-60.0,0.770168332445,-60.0,0.854496622503,true,1B88,90,23
180.0,0.541706669967,180.0,0.505137986961,true,1B88,23,90
-60.0,0.592810063781,-60.0,0.642266397315,true,1N0S,115,8
-60.0,0.909477259329,-60.0,0.839948126904,true,1N0S,8,115
180.0,0.572759787591,60.0,0.609616938289,false,1N0S,42,8
-60.0,0.911266483387,-60.0,0.845989338523,false,1N0S,8,42
-60.0,0.67913519006,-60.0,0.852401303117,false,1N0S,170,8
-60.0,0.918119040379,-60.0,0.850164871104,false,1N0S,8,170
-60.0,0.611325284542,-60.0,0.59596803334,false,1N0S,115,42
180.0,0.580773039425,60.0,0.616516366088,false,1N0S,42,115
-60.0,0.680374087345,-60.0,0.828055615177,false,1N0S,170,115
-60.0,0.594745433738,-60.0,0.649140996354,false,1N0S,115,170
-60.0,0.678732225431,-60.0,0.844764817701,true,1N0S,170,42
180.0,0.561248897663,60.0,0.614918400041,true,1N0S,42,170
-60.0,0.787191384757,-60.0,0.95126028483,true,3EZM,22,8
-60.0,0.972293595959,-60.0,0.899579869708,true,3EZM,8,22
-60.0,0.939317096797,-60.0,0.920402803989,false,3EZM,58,8
-60.0,0.975648725834,-60.0,0.922404690426,false,3EZM,8,58
-60.0,0.82892519283,-60.0,0.967315865878,false,3EZM,73,8
-60.0,0.992178544957,-60.0,0.874457522002,false,3EZM,8,73
-60.0,0.947875632236,-60.0,0.917794851331,false,3EZM,58,22
-60.0,0.782337893069,-60.0,0.980186553281,false,3EZM,22,58
-60.0,0.807062874178,-60.0,0.955097397214,false,3EZM,73,22
-60.0,0.783122029522,-60.0,0.980982213781,false,3EZM,22,73
-60.0,0.842340060643,-60.0,0.986361687004,true,3EZM,73,58
-60.0,0.943730151418,-60.0,0.935248243028,true,3EZM,58,73
-60.0,0.860325156417,-60.0,0.96588469453,true,1BEB,119,106
-60.0,0.880272582202,-60.0,0.989683582465,true,1BEB,106,119
-60.0,0.901317114236,-60.0,0.857691103504,true,1TN3,176,77
-60.0,0.792941076457,-60.0,0.999994748457,true,1TN3,77,176
180.0,0.523524752175,60.0,0.638002998819,true,1M8N,111,98
-60.0,0.930597538755,-60.0,0.859637549146,true,1M8N,98,111
-60.0,0.918952227078,-60.0,0.875976541923,false,1M8N,98,93
180.0,0.558985403264,60.0,0.627017614048,false,1M8N,93,98
-60.0,0.922350909674,-60.0,0.585853681131,false,1M8N,116,98
-60.0,0.910242045322,-60.0,0.878524117447,false,1M8N,98,116
180.0,0.58396467301,60.0,0.638932481986,false,1M8N,111,93
180.0,0.585763538892,60.0,0.616521431851,false,1M8N,93,111
-60.0,0.858349230462,-60.0,0.602340141255,false,1M8N,116,111
180.0,0.529729761782,60.0,0.668252216576,false,1M8N,111,116
-60.0,0.899395123893,-60.0,0.587475947162,true,1M8N,116,93
180.0,0.590999992032,60.0,0.649048474294,true,1M8N,93,116
180.0,0.508086281921,60.0,0.696632129303,true,2VPF,68,26
-60.0,0.932978597545,-60.0,0.782896934263,true,2VPF,26,68
-60.0,0.976011496586,-60.0,0.992895582668,false,2VPF,57,26
-60.0,0.986501929319,-60.0,0.784504397491,false,2VPF,26,57
-60.0,0.931559887139,180.0,0.570739892093,false,2VPF,102,26
-60.0,0.976280767324,-60.0,0.815339765483,false,2VPF,26,102
-60.0,0.758887359699,-60.0,0.911970496814,false,2VPF,61,26
-60.0,0.965794229563,-60.0,0.768406567554,false,2VPF,26,61
-60.0,0.798636487269,-60.0,0.75285757762,false,2VPF,104,26
-60.0,0.985194266384,-60.0,0.811169652388,false,2VPF,26,104
180.0,0.523384447568,60.0,0.744515638127,false,2VPF,68,57
-60.0,0.967297553362,-60.0,0.991224863661,false,2VPF,57,68
-60.0,0.923933468999,180.0,0.556392877877,false,2VPF,102,68
180.0,0.509888729456,60.0,0.724892174266,false,2VPF,68,102
180.0,0.545654858358,60.0,0.711031995456,false,2VPF,68,61
-60.0,0.793385685001,-60.0,0.912554118609,false,2VPF,61,68
-60.0,0.784949201946,-60.0,0.818342771017,false,2VPF,104,68
180.0,0.509955220751,60.0,0.730798035564,false,2VPF,68,104
-60.0,0.954615425988,180.0,0.556302239876,true,2VPF,102,57
-60.0,0.948256380173,-60.0,0.994430532488,true,2VPF,57,102
-60.0,0.778554329689,-60.0,0.936318922953,false,2VPF,61,57
-60.0,0.919482991127,-60.0,0.986814352824,false,2VPF,57,61
-60.0,0.771348684739,-60.0,0.796395752425,false,2VPF,104,57
-60.0,0.944216474254,-60.0,0.996406935892,false,2VPF,57,104
-60.0,0.909168040307,180.0,0.590176737733,false,2VPF,102,61
-60.0,0.778050307953,-60.0,0.933125962361,false,2VPF,61,102
-60.0,0.75857882169,-60.0,0.781064185214,false,2VPF,104,102
-60.0,0.918902445316,180.0,0.611308458518,false,2VPF,102,104
-60.0,0.810318862243,-60.0,0.805388706137,true,2VPF,104,61
-60.0,0.755626069204,-60.0,0.907649177669,true,2VPF,61,104
180.0,0.99625889488,-60.0,0.802361263025,true,1I1J,17,12
-60.0,0.982889168119,180.0,0.5,true,1I1J,12,17
180.0,0.519368327885,180.0,0.531981872601,true,1EPF,77,22
180.0,0.572816564774,180.0,0.601465805163,true,1EPF,22,77
-60.0,0.723709194146,-60.0,0.864690916301,true,1OB1,193,133
180.0,0.524960372133,180.0,0.592518668913,true,1OB1,133,193
-60.0,0.917853850924,-60.0,0.904600282448,true,1UV0,137,120
-60.0,0.624278910773,-60.0,0.630343404795,true,1UV0,120,137
-60.0,0.64170258625,-60.0,0.617931930649,false,1UV0,120,42
-60.0,0.695194550204,-60.0,0.990998929451,false,1UV0,42,120
-60.0,0.870154402372,-60.0,0.849344149899,false,1UV0,145,120
-60.0,0.618012840707,-60.0,0.583650614451,false,1UV0,120,145
-60.0,0.923918380137,-60.0,0.924112275957,false,1UV0,137,42
-60.0,0.692313185552,-60.0,0.999993437604,false,1UV0,42,137
-60.0,0.840916829954,-60.0,0.862699461133,false,1UV0,145,137
-60.0,0.891072819719,-60.0,0.904795000337,false,1UV0,137,145
-60.0,0.843617119492,-60.0,0.885013061974,true,1UV0,145,42
-60.0,0.692848114861,-60.0,0.999982557905,true,1UV0,42,145
-60.0,0.790371170537,-60.0,0.961091094102,true,3RN3,72,65
-60.0,0.945077216344,-60.0,0.99574231675,true,3RN3,65,72
-60.0,0.952917953825,-60.0,0.984327290095,false,3RN3,65,26
-60.0,0.687416584952,-60.0,0.962908806852,false,3RN3,26,65
-60.0,0.808520490887,-60.0,0.996369588543,false,3RN3,84,65
-60.0,0.942697793777,-60.0,0.991278207311,false,3RN3,65,84
-60.0,0.941226381019,-60.0,0.996982075253,false,3RN3,65,40
180.0,0.576592841262,60.0,0.573910626047,false,3RN3,40,65
180.0,0.506957673068,180.0,0.557107380037,false,3RN3,95,65
-60.0,0.936352902292,-60.0,0.9904303326,false,3RN3,65,95
-60.0,0.789871667692,-60.0,0.979330045748,false,3RN3,72,26
-60.0,0.667062165499,-60.0,0.964192528935,false,3RN3,26,72
-60.0,0.774740520172,-60.0,0.999998444567,false,3RN3,84,72
-60.0,0.797299209015,-60.0,0.990259417126,false,3RN3,72,84
-60.0,0.768562376431,-60.0,0.985782756227,false,3RN3,72,40
180.0,0.509097962249,60.0,0.575047423128,false,3RN3,40,72
180.0,0.557580375376,180.0,0.505985047539,false,3RN3,95,72
-60.0,0.796112219897,-60.0,0.979394917589,false,3RN3,72,95
-60.0,0.826342178106,-60.0,0.999999138139,true,3RN3,84,26
-60.0,0.690355373304,-60.0,0.950780762944,true,3RN3,26,84
180.0,0.568207787127,60.0,0.565886207064,false,3RN3,40,26
-60.0,0.676392457247,-60.0,0.943915038234,false,3RN3,26,40
180.0,0.525379736778,180.0,0.528171050202,false,3RN3,95,26
-60.0,0.69561031174,-60.0,0.94218127111,false,3RN3,26,95
-60.0,0.785221257868,-60.0,0.999998421395,false,3RN3,84,40
180.0,0.563889882276,60.0,0.590518230925,false,3RN3,40,84
180.0,0.551321850901,180.0,0.524305683529,false,3RN3,95,84
-60.0,0.818374354465,-60.0,0.999999447016,false,3RN3,84,95
180.0,0.546299905158,180.0,0.512691604932,true,3RN3,95,40
180.0,0.568088174024,60.0,0.562094819774,true,3RN3,40,95
-60.0,0.940244107615,60.0,0.604108576966,true,1VAP,81,57
60.0,0.967034981862,-60.0,0.867829664311,true,1VAP,57,81
-60.0,0.685182900471,-60.0,0.976778057965,false,1VAP,75,57
60.0,0.965452719895,-60.0,0.880761725617,false,1VAP,57,75
180.0,0.51872976558,-60.0,0.886112973338,false,1VAP,86,57
60.0,0.999993055155,-60.0,0.847034963461,false,1VAP,57,86
60.0,0.970877177668,-60.0,0.808928340017,false,1VAP,57,50
180.0,0.648763820844,-60.0,0.975696437711,false,1VAP,50,57
180.0,0.609098123082,-60.0,0.671935009846,false,1VAP,88,57
60.0,0.992287453397,-60.0,0.840266467859,false,1VAP,57,88
60.0,0.987116565235,-60.0,0.771805005006,false,1VAP,57,43
-60.0,0.631554165478,-60.0,0.906763298003,false,1VAP,43,57
180.0,0.582719885748,-60.0,0.965369018744,false,1VAP,95,57
60.0,0.984657413247,-60.0,0.861691555216,false,1VAP,57,95
-60.0,0.954091462182,60.0,0.589991110184,false,1VAP,81,75
-60.0,0.657906318135,-60.0,0.952951968907,false,1VAP,75,81
180.0,0.615159005987,-60.0,0.876486307636,false,1VAP,86,81
-60.0,0.955482110512,60.0,0.597994631421,false,1VAP,81,86
-60.0,0.972573598614,60.0,0.638032260179,false,1VAP,81,50
180.0,0.617313087805,-60.0,0.981879574766,false,1VAP,50,81
180.0,0.614893572108,-60.0,0.66728440943,false,1VAP,88,81
-60.0,0.966772481971,60.0,0.619922809566,false,1VAP,81,88
-60.0,0.926761514433,60.0,0.59767941272,false,1VAP,81,43
-60.0,0.661407083349,-60.0,0.968532341032,false,1VAP,43,81
180.0,0.511140947028,-60.0,0.960545050865,false,1VAP,95,81
-60.0,0.943925828016,60.0,0.598132246367,false,1VAP,81,95
180.0,0.509601594604,-60.0,0.902936941242,true,1VAP,86,75
-60.0,0.677746617503,-60.0,0.97881709256,true,1VAP,75,86
-60.0,0.686429126695,-60.0,0.94855817919,false,1VAP,75,50
180.0,0.661833655592,-60.0,0.98449032079,false,1VAP,50,75
180.0,0.580077625771,-60.0,0.693911630814,false,1VAP,88,75
-60.0,0.682339887332,-60.0,0.977925759428,false,1VAP,75,88
-60.0,0.659246859353,-60.0,0.992317906309,false,1VAP,75,43
-60.0,0.651594657679,-60.0,0.931688021021,false,1VAP,43,75
180.0,0.538522559912,-60.0,0.983212222171,false,1VAP,95,75
-60.0,0.663002987846,-60.0,0.968131089694,false,1VAP,75,95
180.0,0.53112974365,-60.0,0.894331383492,false,1VAP,86,50
180.0,0.611137032686,-60.0,0.986502865749,false,1VAP,50,86
180.0,0.611419140596,-60.0,0.69202211334,false,1VAP,88,86
180.0,0.54872344343,-60.0,0.869369284213,false,1VAP,86,88
180.0,0.584500822852,-60.0,0.882893538155,false,1VAP,86,43
-60.0,0.65144697121,-60.0,0.925683011132,false,1VAP,43,86
180.0,0.5135572461,-60.0,0.982784715067,false,1VAP,95,86
180.0,0.5,-60.0,0.861006626437,false,1VAP,86,95
180.0,0.621233629904,-60.0,0.698941084832,true,1VAP,88,50
180.0,0.607330618932,-60.0,0.935691368463,true,1VAP,50,88
180.0,0.586952178348,-60.0,0.990672639897,false,1VAP,50,43
-60.0,0.642380460004,-60.0,0.885562486045,false,1VAP,43,50
180.0,0.537061735564,-60.0,0.968846601903,false,1VAP,95,50
180.0,0.522597359129,-60.0,0.983208967231,false,1VAP,50,95
180.0,0.577558361977,-60.0,0.706605044042,false,1VAP,88,43
-60.0,0.620705619002,-60.0,0.964043040307,false,1VAP,43,88
180.0,0.561264939925,-60.0,0.975145798453,false,1VAP,95,88
180.0,0.600263919602,-60.0,0.632212988738,false,1VAP,88,95
180.0,0.533715772397,-60.0,0.982601868966,true,1VAP,95,43
-60.0,0.649991722234,-60.0,0.940046408771,true,1VAP,43,95
